833,236
833,235
831,10
838,149
838,148
838,147
838,146
838,145
838,144
838,143
838,41
838,40
838,5
838,39
838,38
839,242
839,241
838,4
839,240
839,239
839,238
839,237
838,142
838,141
839,236
839,235
839,234
839,233
839,232
839,231
839,230
839,229
839,228
839,227
839,226
839,225
839,224
839,223
839,222
839,221
839,220
839,219
839,218
839,217
839,216
839,215
839,214
839,213
839,212
839,211
839,210
839,209
839,208
839,207
839,206
839,205
839,204
839,203
839,202
839,201
839,200
839,199
839,198
839,197
839,196
839,195
839,194
839,193
839,191
838,140
838,139
838,138
838,137
838,136
839,190
839,189
839,188
839,187
839,186
839,185
839,184
839,183
839,182
839,181
839,180
838,135
839,179
835,23
838,134
836,8
835,22
836,7
836,6
835,21
835,20
835,19
835,18
835,17
835,16
835,15
835,14
835,13
838,133
838,132
838,131
838,130
838,129
835,12
835,11
835,10
835,9
835,8
835,7
835,6
839,178
839,177
839,176
839,175
838,128
838,127
838,126
838,125
838,124
838,123
838,122
838,121
838,120
838,119
838,118
838,117
838,116
838,115
838,114
838,113
838,112
838,111
838,110
832,199
832,255
832,256
834,18
834,17
834,16
834,15
834,14
834,13
831,7
833,219
833,218
833,217
833,216
833,215
833,214
839,192
839,174
833,209
833,208
833,207
833,206
833,205
833,204
833,203
833,202
833,201
833,200
833,199
833,198
833,197
833,196
833,195
833,194
833,193
833,192
833,191
833,190
833,189
833,188
833,187
833,186
833,185
833,184
833,183
833,182
833,181
833,180
833,179
833,178
833,177
833,176
833,175
833,174
833,173
833,172
833,171
833,170
833,169
833,168
833,167
833,166
833,165
833,164
833,163
833,162
833,161
833,160
833,159
833,158
833,157
833,156
833,155
833,154
833,153
833,152
833,151
833,150
833,149
833,148
833,147
833,146
833,145
833,144
833,143
833,142
833,141
833,140
833,139
833,138
833,137
833,136
833,135
833,134
833,133
833,132
833,131
833,130
833,129
833,128
833,127
833,126
833,125
833,124
833,123
833,122
833,121
833,120
833,119
833,118
833,117
833,116
833,115
833,114
833,113
833,112
833,111
833,110
833,109
833,108
833,107
833,106
833,105
833,104
833,103
833,102
833,101
833,100
833,99
833,98
833,97
833,96
833,95
833,94
833,93
833,92
833,91
833,90
833,89
833,88
833,87
833,86
833,85
833,84
833,83
833,82
833,81
833,80
833,79
833,78
833,77
833,76
833,75
833,74
833,73
833,72
833,71
833,70
833,69
833,68
833,67
833,66
833,65
833,64
833,37
833,36
833,35
833,34
833,33
833,32
833,31
833,30
833,29
833,28
833,27
833,26
833,25
833,24
833,23
833,22
833,21
833,20
833,19
833,18
833,17
833,16
833,15
833,14
833,13
833,12
833,11
833,10
832,198
832,52
839,173
832,173
839,172
839,171
839,170
832,172
832,171
832,197
832,196
839,169
839,168
839,167
832,254
832,170
839,166
839,165
839,164
832,192
832,169
832,195
839,163
832,253
832,168
832,194
839,162
832,193
832,39
832,167
839,161
839,160
832,59
839,159
832,166
839,158
832,165
832,164
832,163
839,157
839,156
832,61
832,162
839,155
832,63
839,154
839,153
839,152
832,161
832,160
839,151
832,159
832,62
832,158
839,150
832,157
832,56
832,60
832,58
839,149
839,148
839,147
832,156
839,146
839,145
832,155
832,154
839,144
832,153
832,54
839,143
832,57
832,55
839,142
839,141
832,152
832,151
832,51
832,38
839,140
832,150
839,139
839,138
832,149
832,148
832,147
832,146
832,53
832,145
839,137
839,136
839,135
839,134
839,133
839,132
839,131
839,130
839,129
839,128
839,127
839,126
839,125
839,124
839,123
839,122
839,121
839,120
832,48
832,50
832,49
832,144
832,143
832,142
832,141
832,140
832,139
832,138
832,42
832,47
832,46
832,137
832,136
832,135
832,45
832,134
832,133
839,119
839,118
839,117
839,116
839,115
839,114
839,113
839,112
839,111
839,110
839,109
839,108
839,107
839,106
839,105
839,104
839,103
839,102
839,101
839,100
839,99
839,98
839,97
832,132
832,127
839,96
839,95
839,94
832,44
832,131
832,43
832,130
839,93
839,92
839,91
839,90
839,89
839,88
831,6
838,109
838,108
838,107
838,106
838,105
838,104
838,103
838,102
838,101
838,100
838,99
832,129
838,98
834,12
834,10
834,9
834,8
834,7
834,6
832,126
839,87
839,86
839,85
839,84
839,83
839,82
839,81
839,80
839,79
839,78
839,77
839,76
839,75
839,74
839,73
839,72
839,71
839,70
832,41
839,69
839,68
839,67
839,66
839,65
839,64
839,37
839,36
839,35
839,34
839,33
839,32
839,31
839,30
839,29
839,28
839,27
839,26
839,25
839,24
839,23
839,22
839,21
839,20
839,19
839,18
832,125
832,124
832,123
838,97
838,96
838,95
838,94
838,93
838,92
838,91
838,90
838,89
838,88
838,87
838,86
838,85
838,84
838,83
838,82
838,81
838,80
838,79
838,78
838,77
838,76
838,75
838,74
838,73
838,72
838,71
838,70
838,69
838,68
838,67
838,66
838,65
838,64
838,37
838,36
838,35
838,34
838,33
838,32
838,31
838,30
838,29
838,28
838,27
838,26
838,25
838,24
838,23
838,22
838,21
838,20
838,19
838,18
838,17
838,16
838,15
838,14
838,13
838,12
838,11
838,10
838,9
838,8
838,7
838,6
832,40
832,5
832,4
832,128
832,122
832,121
832,120
832,119
832,118
832,117
832,116
832,115
832,114
832,113
832,112
832,111
832,110
832,109
832,108
832,107
832,106
832,105
832,104
832,103
832,102
832,101
832,100
832,99
832,98
832,97
832,96
832,95
832,94
832,93
832,92
832,91
832,90
832,89
832,88
832,87
832,86
832,85
832,84
832,83
832,82
832,81
832,80
832,79
832,78
832,77
832,76
832,75
832,74
832,73
832,72
832,71
832,70
832,69
832,68
832,67
832,66
832,65
832,64
832,37
832,36
832,35
832,34
832,33
832,32
832,31
832,30
832,29
832,28
832,27
832,26
832,25
832,24
832,23
832,22
832,21
832,20
832,19
832,18
832,17
839,17
839,16
839,15
839,14
832,16
832,15
832,14
832,13
832,12
832,11
832,10
832,9
832,8
832,7
832,6
839,13
839,12
839,11
839,10
839,9
839,8
839,7
839,6
833,6
844,30
844,29
844,28
844,27
844,26
844,25
844,24
844,23
844,22
844,21
844,20
844,19
844,18
844,17
844,16
844,15
844,14
844,13
844,12
844,11
844,10
844,9
844,8
844,7
844,6
844,5
844,4
844,3
844,2
844,1
844,0
843,5
843,4
843,3
843,2
843,1
843,0
842,5
842,4
842,3
842,2
842,1
842,0
841,5
841,4
841,3
841,2
841,1
841,0
840,5
840,4
840,3
840,2
840,1
840,0
839,5
839,4
839,3
839,2
839,1
839,0
838,3
838,2
838,1
838,0
837,5
837,4
837,3
837,2
837,1
837,0
836,5
836,4
836,3
836,2
836,1
836,0
835,5
835,4
835,3
835,2
835,1
835,0
834,5
834,4
834,3
834,2
834,1
834,0
833,5
833,4
833,3
833,2
833,1
833,0
832,3
832,2
832,1
832,0
831,5
831,4
831,3
831,2
831,1
831,0
824,186
824,43
824,41
824,42
824,38
824,185
824,184
819,270
825,296
825,295
825,294
825,293
825,292
825,291
825,290
825,289
825,288
825,287
825,286
825,285
825,284
825,283
825,282
825,281
825,280
825,279
825,278
825,277
825,276
825,275
825,274
825,273
825,272
825,271
825,270
825,269
825,268
825,267
817,17
824,183
824,182
824,181
824,180
826,19
826,18
826,17
826,16
826,15
824,179
824,178
822,66
819,267
819,266
819,265
819,264
819,263
819,262
822,65
822,64
822,43
822,42
822,41
822,40
822,39
824,177
824,176
824,175
824,174
824,173
824,172
824,171
824,170
824,169
824,168
824,167
824,166
824,165
824,164
824,163
824,162
817,15
817,14
824,161
824,160
824,159
826,14
826,13
826,12
826,11
826,10
826,9
826,8
826,7
826,6
822,38
820,68
822,37
824,158
820,67
819,261
819,260
819,259
822,36
822,24
822,35
820,66
820,65
822,26
822,34
820,64
820,37
820,36
820,35
819,258
819,257
819,256
822,33
822,32
822,31
822,30
820,34
820,33
819,255
819,254
819,253
822,29
819,252
819,251
819,250
822,28
820,32
819,249
819,248
819,247
822,27
822,25
822,23
822,22
822,5
822,4
820,31
820,30
820,29
820,28
819,246
819,245
819,244
822,21
822,20
822,19
822,18
820,27
820,26
820,25
820,24
819,243
819,242
819,241
819,240
822,17
820,23
820,22
820,21
819,239
819,238
819,237
822,16
822,15
822,14
820,20
820,19
821,29
821,28
821,27
821,26
821,25
821,24
822,13
818,174
822,12
819,236
819,235
824,157
824,156
822,11
825,255
825,254
825,253
825,252
825,251
825,250
825,249
825,248
825,247
825,246
825,245
825,244
825,243
825,242
825,241
825,240
825,239
825,238
825,237
825,236
825,235
825,234
825,233
825,232
825,231
825,230
825,229
825,228
825,227
817,12
824,155
824,154
824,153
824,152
824,151
824,150
824,149
824,148
822,10
822,9
824,147
817,10
824,146
824,145
824,144
824,40
824,143
824,142
824,5
824,39
824,4
825,226
825,225
824,141
819,234
819,233
819,232
819,231
819,230
819,229
819,228
819,227
825,224
825,223
825,222
825,221
819,226
825,202
825,201
825,200
825,199
825,198
825,197
825,196
825,195
825,194
825,193
825,191
817,8
824,140
824,139
824,138
824,137
824,136
825,190
825,189
825,188
825,187
825,186
825,185
825,184
825,183
825,182
825,181
825,180
824,135
825,179
821,23
824,134
822,8
821,22
822,7
822,6
821,21
821,20
821,19
821,18
821,17
821,16
821,15
821,14
821,13
824,133
824,132
824,131
824,130
824,129
821,12
821,11
821,10
821,9
821,8
821,7
821,6
825,178
825,177
825,176
825,175
819,225
819,224
819,223
819,222
819,221
819,220
824,128
824,127
824,126
824,125
824,124
824,123
824,122
824,121
824,120
824,119
824,118
824,117
824,116
824,115
824,114
824,113
824,112
824,111
824,110
818,199
818,255
818,256
820,18
820,17
820,16
820,15
820,14
820,13
817,7
819,219
819,218
819,217
819,216
819,215
819,214
819,213
819,212
819,211
819,210
825,192
825,174
819,209
819,208
819,207
819,206
819,205
819,204
819,203
819,202
819,201
819,200
819,199
819,198
819,197
819,196
819,195
819,194
819,193
819,192
819,191
819,190
819,189
819,188
819,187
819,186
819,185
819,184
819,183
819,182
819,181
819,180
819,179
819,178
819,177
819,176
819,175
819,174
819,173
819,172
819,171
819,170
819,169
819,168
819,167
819,166
819,165
819,164
819,163
819,162
819,161
819,160
819,159
819,158
819,157
819,156
819,155
819,154
819,153
819,152
819,151
819,150
819,149
819,148
819,147
819,146
819,145
819,144
819,143
819,142
819,141
819,140
819,139
819,138
819,137
819,136
819,135
819,134
819,133
819,132
819,131
819,130
819,129
819,128
819,127
819,126
819,125
819,124
819,123
819,122
819,121
819,120
819,119
819,118
819,117
819,116
819,115
819,114
819,113
819,112
819,111
819,110
819,109
819,108
819,107
819,106
819,105
819,104
819,103
819,102
819,101
819,100
819,99
819,98
819,97
819,96
819,95
819,94
819,93
819,92
819,91
819,90
819,89
819,88
819,87
819,86
819,85
819,84
819,83
819,82
819,81
819,80
819,79
819,78
819,77
819,76
819,75
819,74
819,73
819,72
819,71
819,70
819,69
819,68
819,67
819,66
819,65
819,64
819,37
819,36
819,35
819,34
819,33
819,32
819,31
819,30
819,29
819,28
819,27
819,26
819,25
819,24
819,23
819,22
819,21
819,20
819,19
819,18
819,17
819,16
819,15
819,14
819,13
819,12
819,11
819,10
818,198
818,52
825,173
818,173
825,172
825,171
825,170
818,172
818,171
818,197
818,196
825,169
825,168
825,167
818,254
818,170
825,166
825,165
825,164
818,192
818,169
818,195
825,163
818,253
818,168
818,194
825,162
818,193
818,39
818,167
825,161
825,160
818,59
825,159
818,166
825,158
818,165
818,164
818,163
825,157
825,156
818,61
818,162
825,155
818,63
825,154
825,153
825,152
818,161
818,160
825,151
818,159
818,62
818,158
825,150
818,157
818,56
818,60
818,58
825,149
825,148
825,147
818,156
825,146
825,145
818,155
818,154
825,144
818,153
818,54
825,143
818,57
818,55
825,142
825,141
818,152
818,151
818,51
818,38
825,140
818,150
825,139
825,138
818,149
818,148
818,147
818,146
818,53
818,145
825,137
825,136
825,135
825,134
825,133
825,132
825,131
825,130
825,129
825,128
825,127
825,126
825,125
825,124
825,123
825,122
825,121
825,120
818,48
818,50
818,49
818,144
818,143
818,142
818,141
818,140
818,139
818,138
818,42
818,47
818,46
818,137
818,136
818,135
818,45
818,134
818,133
825,119
825,118
825,117
825,116
825,115
825,114
825,113
825,112
825,111
825,110
825,109
825,108
825,107
825,106
825,105
825,104
825,103
825,102
825,101
825,100
825,99
825,98
825,97
818,132
818,127
825,96
825,95
825,94
818,44
818,131
818,43
818,130
825,93
825,92
825,91
825,90
825,89
825,88
817,6
824,109
824,108
824,107
824,106
824,105
824,104
824,103
824,102
824,101
824,100
824,99
818,129
824,98
820,12
820,11
820,10
820,9
820,8
820,7
820,6
818,126
825,87
825,86
825,85
825,84
825,83
825,82
825,81
825,80
825,79
825,78
825,77
825,76
825,75
825,74
825,73
825,72
825,71
825,70
818,41
825,69
825,68
825,67
825,66
825,65
825,64
825,37
825,36
825,35
825,34
825,33
825,32
825,31
825,30
825,29
825,28
825,27
825,26
825,25
825,24
825,23
825,22
825,21
825,20
825,19
825,18
818,125
818,124
818,123
824,97
824,96
824,95
824,94
824,93
824,92
824,91
824,90
824,89
824,88
824,87
824,86
824,85
824,84
824,83
824,82
824,81
824,80
824,79
824,78
824,77
824,76
824,75
824,74
824,73
824,72
824,71
824,70
824,69
824,68
824,67
824,66
824,65
824,64
824,37
824,36
824,35
824,34
824,33
824,32
824,31
824,30
824,29
824,28
824,27
824,26
824,25
824,24
824,23
824,22
824,21
824,20
824,19
824,18
824,17
824,16
824,15
824,14
824,13
824,12
824,11
824,10
824,9
824,8
824,7
824,6
818,40
818,5
818,4
818,128
818,122
818,121
818,120
818,119
818,118
818,117
818,116
818,115
818,114
818,113
818,112
818,111
818,110
818,109
818,108
818,107
818,106
818,105
818,104
818,103
818,102
818,101
818,100
818,99
818,98
818,97
818,96
818,95
818,94
818,93
818,92
818,91
818,90
818,89
818,88
818,87
818,86
818,85
818,84
818,83
818,82
818,81
818,80
818,79
818,78
818,77
818,76
818,75
818,74
818,73
818,72
818,71
818,70
818,69
818,68
818,67
818,66
818,65
818,64
818,37
818,36
818,35
818,34
818,33
818,32
818,31
818,30
818,29
818,28
818,27
818,26
818,25
818,24
818,23
818,22
818,21
818,20
818,19
818,18
818,17
825,17
825,16
825,15
825,14
818,16
818,15
818,14
818,13
818,12
818,11
818,10
818,9
818,8
818,7
818,6
825,13
825,12
825,11
825,10
825,9
825,8
825,7
825,6
819,6
830,30
830,29
830,28
830,27
830,26
830,25
830,24
830,23
830,22
830,21
830,20
830,19
830,18
830,17
830,16
830,15
830,14
830,13
830,12
830,11
830,10
830,9
830,8
830,7
830,6
830,5
830,4
830,3
830,2
830,1
830,0
829,5
829,4
829,3
829,2
829,1
829,0
828,5
828,4
828,3
828,2
828,1
828,0
827,5
827,4
827,3
827,2
827,1
827,0
826,5
826,4
826,3
826,2
826,1
826,0
825,5
825,4
825,3
825,2
825,1
825,0
824,3
824,2
824,1
824,0
823,5
823,4
823,3
823,2
823,1
823,0
822,3
822,2
822,1
822,0
821,5
821,4
821,3
821,2
821,1
821,0
820,5
820,4
820,3
820,2
820,1
820,0
819,5
819,4
819,3
819,2
819,1
819,0
818,3
818,2
818,1
818,0
817,5
817,4
817,3
817,2
817,1
817,0
810,214
810,44
810,213
810,212
541,179
811,226
811,225
811,224
811,223
811,222
811,221
811,220
811,219
811,218
811,217
811,216
811,215
811,214
811,213
811,212
811,211
811,210
811,209
811,208
811,207
811,206
811,205
811,204
811,203
811,202
811,201
811,200
811,199
811,198
810,40
810,211
810,210
810,209
810,208
810,207
808,43
808,28
810,206
803,17
803,15
810,205
810,204
808,39
810,203
805,290
805,287
805,286
805,285
69,3
69,2
69,1
69,0
68,11
68,10
68,8
68,3
67,5
67,3
66,3
65,5
65,3
63,3
62,3
60,3
59,17
59,16
59,15
59,14
59,13
59,12
59,11
59,10
59,9
59,8
59,7
59,6
59,5
59,4
59,3
44,5
44,3
43,5
43,2
41,5
41,4
41,3
40,3
39,3
38,6
38,5
38,4
38,3
37,3
36,5
36,4
36,3
35,3
33,3
31,3
29,3
28,4
28,2
27,5
27,4
27,3
26,3
25,7
25,3
23,3
23,2
22,3
21,5
21,4
21,3
21,2
19,3
18,6
18,5
18,4
18,3
18,2
16,5
16,4
16,3
16,2
15,5
15,4
15,3
15,2
14,3
13,3
12,3
11,3
10,3
9,3
8,3
7,4
